10010101
1111111
10111110
10111010
01111101
10010011
00010111
00010001
11001000
00100110
10111101
11101110
01111101
11010110
10111001
11100001
11000011
01001100
00110001
11101110
11010010
11001111
10010100
01000101
01101000
11100011
00011011
11110010
10100101
01001110
11101000
11011110
10010100
00100001
01011000
10111010
10111111
00101111
01011011
00011110
10100000
11001111
11100010
11001100
01101100
00011110
10110011
01111111
00101100
11100011
00010000
10101110
10011010
10101011
00000111
10001101
00011100
11001001
00101010
11101111
01010010
10000010
11001110
10101011
